[savedsearches/schedule_e_timechart]
version = 7.0.3
modtime = 1531945467.554270000

[savedsearches/schedule_e_stats_breakdown]
version = 7.0.3
modtime = 1531945542.652476000
